MeshAnim
1
108
51
30
-0.01773019 -0.9962496 -0.08469121 0
0.05067153 -0.08549105 0.9950499 0
-0.9985579 0.01335106 0.05199724 0
-0.001972269 0.1735287 -0.03036976 1

0.9997563 -4.656691E-09 -0.02207546 0
1.385507E-07 1 6.063758E-06 0
0.02207547 -6.065339E-06 0.9997566 0
-0.001314005 0.1400772 -0.0005582426 1

0.1615371 0.817969 -0.5521166 0
0.2393725 -0.5752335 -0.7821818 0
-0.9573957 -0.005810107 -0.2887209 0
-0.040209 0.1400772 0.0003005917 1

-0.3861795 0.9166273 -0.1032469 0
-0.379141 -0.2597708 -0.8881283 0
-0.8409027 -0.3038318 0.4478492 0
0.03758098 0.1400772 -0.001417076 1

-0.007075933 -0.9928638 0.1190443 0
0.05321554 0.1185047 0.9915267 0
-0.9985579 0.01335106 0.05199724 0
-0.001266203 0.2132021 -0.02699712 1

-0.08995694 -0.9608597 -0.2620242 0
0.1597855 -0.2736068 0.9484769 0
-0.9830444 0.04345447 0.1781442 0
-0.0009387832 0.2591442 -0.03250556 1

-0.003210926 0.9999503 -0.009475369 0
0.2887613 -0.008144934 -0.9573668 0
-0.9573957 -0.005810111 -0.2887209 0
-0.0691186 -0.006311297 0.09911059 1

-0.1130682 0.9079037 0.4036417 0
-0.5292429 0.2887858 -0.7978128 0
-0.8409027 -0.3038317 0.4478492 0
0.1066224 -0.02379809 0.01704147 1

-0.1301268 0.6877938 -0.7141478 0
-0.08180184 -0.7252641 -0.6835946 0
-0.9881171 -0.03053519 0.150639 0
-0.0685868 -0.1719299 0.10068 1

-0.36216 0.6828226 -0.634503 0
-0.3839442 -0.7295618 -0.5659741 0
-0.8493685 0.03864056 0.5263839 0
0.1253462 -0.1741441 -0.04980031 1

-0.1501676 -0.7483088 -0.6461302 0
0.1052311 -0.6619263 0.7421461 0
-0.9830444 0.04345331 0.1781451 0
0.006180954 0.3351924 -0.01176738 1

-0.03561128 0.00829591 -0.9993318 0
-0.07638834 -0.9970632 -0.005555251 0
-0.9964419 0.07613955 0.03614035 0
-0.06137042 -0.2100725 0.1402841 1

-0.5007222 0.007929668 -0.865572 0
0.006638948 -0.9998937 -0.0130007 0
-0.8655825 -0.01225622 0.5006164 0
0.1456914 -0.2125033 -0.01415556 1

0.9642824 0.1543824 0.2152355 0
-0.2510011 0.7921423 0.5563363 0
-0.08460821 -0.5904893 0.8025987 0
-0.007804384 0.3457984 0.01724012 1

-0.8015711 0.3431639 0.4896151 0
0.5784603 0.6522176 0.4898947 0
-0.1512215 0.6759079 -0.7213054 0
0.03029176 0.3441145 0.01033644 1

-0.1946132 -0.3478859 -0.9171162 0
0.2324032 0.8920162 -0.3876812 0
0.9529505 -0.2885885 -0.09274821 0
0.01315321 0.3699363 0.01823233 1

0.6096835 0.7796797 -0.1427811 0
-0.6266422 0.3638055 -0.689178 0
-0.4853931 0.509653 0.710386 0
-0.06119111 0.332568 0.002377743 1

-0.2762439 0.9516274 -0.13452 0
0.0572613 -0.1234214 -0.9907019 0
-0.9593804 -0.2813781 -0.02039726 0
0.07288448 0.3207569 -0.01941773 1

-0.08693741 -0.9164013 -0.3907062 0
0.0768828 0.3848494 -0.9197723 0
0.9932427 -0.1100012 0.03699784 0
0.01861519 0.3797 0.04397183 1

0.02718152 0.8209276 -0.570386 0
-0.8738738 -0.2575518 -0.4123258 0
-0.4853932 0.5096531 0.7103861 0
-0.1262239 0.2537278 0.01989099 1

-0.2159375 0.7789351 -0.5887548 0
0.1815504 -0.5604353 -0.8080555 0
-0.9593805 -0.2813781 -0.02039727 0
0.1064365 0.2235945 -0.005373986 1

0.08922002 0.8396415 -0.5357636 0
-0.4597577 0.5118911 0.7256659 0
0.8835514 0.1815774 0.4317028 0
-0.1350065 0.1729898 0.08984634 1

-0.008890125 0.422969 -0.9061015 0
0.9996919 0.02477045 0.001754543 0
0.02318642 -0.9058062 -0.4230592 0
0.1425388 0.1447344 0.05780409 1

-0.5523355 0.6675428 -0.4993126 0
-0.7248439 -0.680419 -0.1078521 0
-0.4117371 0.3023534 0.8596838 0
-0.1209156 0.1580074 0.09738751 1

0.2662644 -0.1745394 -0.9479668 0
-0.05901827 -0.9845768 0.1647029 0
-0.962092 0.01209259 -0.2724589 0
0.1336073 0.1497228 0.07717509 1

-0.0186094 0.9438527 -0.3298429 0
-0.147076 0.3237271 0.9346499 0
0.9889504 0.0659051 0.1327939 0
-0.1276723 0.1401313 0.117791 1

0.995655 0.07857647 0.04997576 0
-0.003550028 -0.5042472 0.8635532 0
0.09305463 -0.859978 -0.5017776 0
0.1430445 0.1290558 0.09602388 1

0.1946586 0.9802511 -0.03488249 0
-0.7435585 0.1706632 0.6465257 0
0.6397105 -0.09991457 0.7620949 0
-0.1494864 0.1379503 0.09665494 1

0.9983028 -0.0032511 -0.05815436 0
0.05166061 -0.4117214 0.9098455 0
-0.02690144 -0.9113048 -0.4108548 0
0.1406261 0.1223469 0.08896485 1

0.1604961 0.9861375 -0.04212907 0
-0.5592642 0.1260259 0.8193544 0
0.813305 -0.1079418 0.5717382 0
-0.1432262 0.1389292 0.1054559 1

0.04656714 0.9756671 -0.2142571 0
-0.3812655 0.2156122 0.898971 0
0.9232922 0.03982635 0.382029 0
-0.137053 0.1387966 0.1129436 1

0.99854 0.02987865 0.04501028 0
-0.03082656 -0.3690849 0.9288855 0
0.04436629 -0.9289162 -0.3676251 0
0.1426135 0.1384022 0.1010967 1

0.9768407 0.07194372 -0.2015126 0
0.2023862 -0.6163367 0.7610327 0
-0.06944818 -0.7841906 -0.6166232 0
0.1370049 0.1153159 0.08204658 1

0.2563799 0.5298761 -0.8083951 0
0.1484083 -0.8480118 -0.5087762 0
-0.9551153 0.01046733 -0.2960512 0
0.1292641 0.1525698 0.09263787 1

0.2036691 -0.2720358 0.940488 0
-0.9660127 -0.2120269 0.1478682 0
0.1591828 -0.9386386 -0.3059735 0
0.1257577 0.1378978 0.1003369 1

-0.2411832 0.9700559 0.02868602 0
-0.1288186 -0.06129703 0.9897722 0
0.9618922 0.235021 0.1397455 0
-0.1273582 0.1241986 0.123359 1

0.3670575 -0.4796656 0.7969892 0
-0.9294472 -0.2235548 0.2935166 0
0.0373808 -0.8484961 -0.5278814 0
0.1245433 0.1275957 0.09509521 1

0.02555964 0.9885924 0.1484355 0
-0.768594 -0.0755121 0.6352654 0
0.6392265 -0.1303237 0.7578957 0
-0.1518512 0.1260415 0.09707875 1

0.3674737 -0.4325449 0.8233281 0
-0.9227871 -0.0592757 0.3807243 0
-0.115877 -0.8996624 -0.4209295 0
0.1239222 0.1224013 0.08993792 1

-0.4555402 0.8055934 -0.3788184 0
-0.8116187 -0.5506652 -0.1950471 0
-0.3657303 0.2186046 0.9046847 0
-0.1119062 0.1471188 0.105532 1

0.0738373 0.9971154 0.0176085 0
-0.5723921 0.02791451 0.8195051 0
0.8166489 -0.07058896 0.5728022 0
-0.1459355 0.1222823 0.106167 1

-0.2145116 0.971623 0.09967224 0
-0.3699487 -0.1752697 0.9123701 0
0.9039487 0.1588402 0.3970482 0
-0.1379183 0.1206669 0.1169249 1

0.5040311 -0.6249706 0.5961258 0
-0.8274201 -0.1515 0.5407634 0
-0.2476481 -0.7658074 -0.593474 0
0.1251375 0.1144419 0.08449476 1

-0.7303816 -0.3822506 0.5660642 0
-0.6818585 0.3593086 -0.6371564 0
0.04016157 -0.8513424 -0.5230734 0
0.1199844 0.1335532 0.08519659 1

-0.05645854 0.9661176 0.251855 0
-0.7830129 -0.1993536 0.5891942 0
0.6194386 -0.1639404 0.7677371 0
-0.1520498 0.1183639 0.09592599 1

-0.6864734 -0.2544298 0.6811907 0
-0.7206579 0.3630006 -0.590664 0
-0.09699016 -0.8963802 -0.4325474 0
0.1205972 0.126315 0.08248825 1

-0.0543749 0.9592777 0.2771831 0
-0.621529 -0.2497768 0.7425048 0
0.7815019 -0.1319037 0.6098009 0
-0.1466037 0.1132585 0.1060076 1

-0.3569251 -0.4649616 0.8101959 0
-0.9077151 0.3774447 -0.1832758 0
-0.2205877 -0.8008419 -0.5567718 0
0.1212231 0.1192954 0.07986514 1

-0.2476715 0.9607247 0.1251701 0
-0.1074478 -0.1556356 0.9819536 0
0.9628677 0.2297527 0.1417746 0
-0.1248463 0.1140953 0.1230602 1

-0.6880737 0.5383265 -0.4865798 0
-0.5993958 -0.7995964 -0.03702447 0
-0.4089983 0.2661785 0.872852 0
-0.1056189 0.1360002 0.1107604 1

-0.1926191 0.9788607 0.06878056 0
-0.3756159 -0.1383044 0.916398 0
0.9065381 0.1506805 0.3943158 0
-0.1352454 0.10856 0.115683 1

-0.01853343 -0.9966625 -0.07950399 0
0.05386787 -0.08039761 0.9953066 0
-0.998376 0.01416366 0.055178 0
-0.001316167 0.173224 -0.0312777 1

0.9996912 -5.379201E-05 -0.0248467 0
-5.317479E-05 0.999991 -0.00430439 0
0.02484671 0.004304382 0.9996822 0
-0.000573485 0.1399013 -0.001324203 1

0.1627767 0.8137372 -0.5579752 0
0.2308287 -0.5812312 -0.7803138 0
-0.959282 -0.001779648 -0.282445 0
-0.03946594 0.1399034 -0.0003575555 1

-0.3916392 0.9122819 -0.1198364 0
-0.3960071 -0.2846813 -0.8730038 0
-0.8305401 -0.2944464 0.4727625 0
0.03831897 0.1398992 -0.002290851 1

-0.007213668 -0.9922342 0.1241757 0
0.05650839 0.1235759 0.9907251 0
-0.998376 0.01416366 0.05517801 0
-0.0005781144 0.2129138 -0.02811162 1

-0.09355369 -0.9628568 -0.253288 0
0.1645887 -0.2658603 0.9498576 0
-0.9819155 0.04717425 0.1833474 0
-0.0002443211 0.2588268 -0.03385751 1

0.004748184 0.9997377 -0.02242611 0
0.2824104 -0.02285436 -0.9590218 0
-0.959282 -0.001779642 -0.282445 0
-0.0685974 -0.005727723 0.0995009 1

-0.09411429 0.9108176 0.4019381 0
-0.5489493 0.2893319 -0.7841824 0
-0.8305401 -0.2944464 0.4727624 0
0.1083365 -0.02319917 0.01913358 1

-0.1324023 0.6854746 -0.7159574 0
-0.08293054 -0.7274451 -0.6811369 0
-0.9877207 -0.03080913 0.153162 0
-0.06938383 -0.1713111 0.1032153 1

-0.3640712 0.6798517 -0.6365957 0
-0.3856797 -0.7321948 -0.5613754 0
-0.8477635 0.04114137 0.5287762 0
0.1239215 -0.1740277 -0.0474261 1

-0.1554866 -0.7534571 -0.6388482 0
0.1080087 -0.6558032 0.7471661 0
-0.9819156 0.04717301 0.1833483 0
0.007160083 0.3350331 -0.01381076 1

-0.03792325 0.005357255 -0.9992669 0
-0.07726342 -0.9970083 -0.002413243 0
-0.9962893 0.0771154 0.03822355 0
-0.06204128 -0.2093251 0.1429197 1

-0.5033398 0.00401372 -0.8640793 0
0.006608008 -0.9999422 -0.008494033 0
-0.8640631 -0.00998522 0.5032845 0
0.1443741 -0.21222 -0.01166378 1

0.9658293 0.154054 0.208426 0
-0.2460898 0.7974212 0.5509629 0
-0.08132515 -0.5834275 0.8080837 0
-0.006636435 0.3459175 0.01518401 1

-0.7973845 0.3486956 0.4925343 0
0.5832182 0.6549526 0.4805153 0
-0.1550329 0.67041 -0.7256145 0
0.03141596 0.3440894 0.008078691 1

-0.2028577 -0.3550418 -0.9125761 0
0.232498 0.8878384 -0.3970999 0
0.9512065 -0.2927268 -0.09755821 0
0.0143793 0.3700161 0.01585084 1

0.607471 0.780116 -0.149661 0
-0.6318207 0.3603387 -0.6862644 0
-0.4814368 0.5114447 0.7117888 0
-0.06013585 0.3326804 0.0007388107 1

-0.2767641 0.9511874 -0.1365495 0
0.05157708 -0.1271914 -0.9905374 0
-0.959553 -0.281188 -0.01385763 0
0.07374951 0.3204081 -0.02178925 1

-0.0922227 -0.919037 -0.3832321 0
0.07298031 0.3775986 -0.9230897 0
0.9930605 -0.1130981 0.03224866 0
0.02007267 0.3799805 0.04146295 1

0.02432446 0.8195822 -0.5724454 0
-0.8761432 -0.2582824 -0.4070179 0
-0.4814369 0.5114448 0.711789 0
-0.1249242 0.2538017 0.01897032 1

-0.2184673 0.7747598 -0.5933135 0
0.1775686 -0.5662884 -0.8048536 0
-0.9595531 -0.281188 -0.0138577 0
0.1073564 0.2232903 -0.007568811 1

0.08655303 0.8383608 -0.5382009 0
-0.4557188 0.513712 0.7269257 0
0.8859056 0.1823506 0.4265202 0
-0.1333513 0.1732301 0.08916081 1

-0.01302963 0.4164566 -0.9090633 0
0.9996968 0.0244418 -0.003131457 0
0.0209148 -0.908828 -0.416649 0
0.1437314 0.1448737 0.05600363 1

-0.5548394 0.6665211 -0.4978987 0
-0.7255883 -0.6804736 -0.1023603 0
-0.4070321 0.3044762 0.8611736 0
-0.1192239 0.1582617 0.09666122 1

0.2617512 -0.1814791 -0.9479206 0
-0.05857186 -0.98334 0.1720864 0
-0.9633569 0.01047748 -0.2680202 0
0.1348928 0.1500041 0.0753801 1

-0.02014596 0.943086 -0.3319387 0
-0.1419712 0.3259435 0.9346688 0
0.9896658 0.06595533 0.1273247 0
-0.1258754 0.1404352 0.1171426 1

0.9958931 0.07932106 0.04365779 0
0.001654219 -0.4980425 0.8671525 0
0.09052658 -0.8635185 -0.4961285 0
0.1444123 0.1294698 0.09433219 1

0.1947116 0.9801157 -0.03822352 0
-0.7400276 0.1723695 0.650114 0
0.643775 -0.09829822 0.7588751 0
-0.1478033 0.1382106 0.09612925 1

0.9979827 -0.003323565 -0.06340921 0
0.05662725 -0.4051852 0.9124804 0
-0.02872531 -0.9142296 -0.4041798 0
0.1419587 0.1227112 0.08733299 1

0.1605124 0.985994 -0.04529627 0
-0.554818 0.1280854 0.8220534 0
0.8163408 -0.1068185 0.5676067 0
-0.1414957 0.1392084 0.104894 1

0.04565804 0.9751521 -0.2167818 0
-0.3763736 0.2178091 0.9005015 0
0.9253421 0.04047578 0.3769663 0
-0.1352823 0.1390917 0.1123488 1

0.9988176 0.03020971 0.03810491 0
-0.0245672 -0.3627551 0.9315618 0
0.04196474 -0.9313958 -0.3615843 0
0.1440082 0.1388525 0.09933982 1

0.975899 0.07020896 -0.2066221 0
0.2058098 -0.6109157 0.7644778 0
-0.07255556 -0.7885776 -0.6106419 0
0.1383027 0.1156319 0.08048251 1

0.2527739 0.5239116 -0.8134028 0
0.1457199 -0.8517297 -0.503314 0
-0.9564896 0.008695537 -0.2916394 0
0.1306233 0.1529643 0.09084216 1

0.2136452 -0.2647847 0.9403441 0
-0.9641525 -0.2122151 0.1592984 0
0.157375 -0.9406678 -0.3006317 0
0.1271477 0.1383425 0.09869656 1

-0.2407836 0.9701827 0.02773179 0
-0.1235134 -0.05896903 0.9905895 0
0.9626877 0.2350925 0.1340296 0
-0.1255354 0.1245155 0.1227459 1

0.3762086 -0.4729016 0.7967645 0
-0.9258972 -0.2238022 0.3043491 0
0.03439032 -0.8522202 -0.5220547 0
0.1259067 0.1279958 0.09352095 1

0.02659437 0.9889292 0.1459884 0
-0.7651844 -0.0738363 0.6395638 0
0.6432618 -0.1287167 0.7547492 0
-0.1501688 0.1263035 0.09659363 1

0.3752082 -0.4263162 0.8230888 0
-0.9194226 -0.05829987 0.3889267 0
-0.1178197 -0.9026944 -0.4138394 0
0.1252601 0.1227668 0.08839396 1

-0.4573593 0.8048286 -0.3782509 0
-0.8127984 -0.5508986 -0.1893926 0
-0.3608063 0.2208215 0.9061225 0
-0.1101737 0.1473898 0.1047827 1

0.07417054 0.9971345 0.0148931 0
-0.5679705 0.02996327 0.8225037 0
0.8197 -0.06946421 0.5685654 0
-0.1442053 0.122564 0.1056587 1

-0.2137341 0.9719068 0.09856701 0
-0.3650813 -0.1730559 0.91475 0
0.9061087 0.1595282 0.3918131 0
-0.1361307 0.1209715 0.116377 1

0.5097973 -0.620331 0.5960685 0
-0.8228596 -0.1494384 0.5482438 0
-0.2510168 -0.7699735 -0.5866289 0
0.1264468 0.114779 0.08299273 1

-0.7210483 -0.3813371 0.5785095 0
-0.6918827 0.3513508 -0.6307562 0
0.03727067 -0.8550658 -0.5171815 0
0.1212342 0.1338693 0.08362512 1

-0.05488269 0.9667134 0.2499074 0
-0.779879 -0.1977947 0.5938575 0
0.6235197 -0.1623049 0.7647748 0
-0.1503754 0.1186232 0.09545986 1

-0.6767721 -0.2526688 0.691476 0
-0.7295047 0.3564848 -0.5837318 0
-0.09900994 -0.8994879 -0.4255824 0
0.1218652 0.1266242 0.08094648 1

-0.05266033 0.9599299 0.2752495 0
-0.6175857 -0.2479053 0.7464121 0
0.7847384 -0.1306838 0.6058939 0
-0.1448765 0.1135399 0.1055239 1

-0.3452582 -0.4621032 0.8168596 0
-0.9115385 0.3722713 -0.1746799 0
-0.2233729 -0.8049077 -0.5497546 0
0.1224876 0.1195965 0.07836357 1

-0.2467569 0.9610749 0.1242824 0
-0.1022058 -0.1533424 0.9828735 0
0.9636725 0.2298284 0.1360659 0
-0.1230276 0.1144108 0.122457 1

-0.6905326 0.5373811 -0.484135 0
-0.5998004 -0.7995124 -0.03193546 0
-0.4042332 0.2683322 0.8744112 0
-0.1038613 0.1362817 0.1100033 1

-0.1920106 0.9790655 0.06755166 0
-0.3707152 -0.1360911 0.9187219 0
0.9086815 0.1513618 0.3890855 0
-0.1334675 0.1088611 0.1151489 1

-0.01912027 -0.9964034 -0.08255348 0
0.05171768 -0.08344368 0.9951699 0
-0.9984787 0.01475836 0.05312709 0
-0.0004674871 0.1732377 -0.03183199 1

0.9997563 -1.297499E-08 -0.02207525 0
1.453764E-07 1 5.996128E-06 0
0.02207526 -5.997876E-06 0.9997566 0
0.0001907698 0.1397862 -0.002020474 1

0.1668098 0.8151677 -0.554686 0
0.2251794 -0.5791965 -0.7834707 0
-0.9599317 0.00578678 -0.2801748 0
-0.03870422 0.1397862 -0.001161648 1

-0.3962905 0.9091178 -0.128294 0
-0.4100057 -0.3002622 -0.8612427 0
-0.8214922 -0.2887008 0.4917342 0
0.03908576 0.1397862 -0.002879299 1

-0.008224735 -0.9925987 0.1211619 0
0.05452208 0.1205406 0.9912102 0
-0.9984787 0.01475836 0.0531271 0
0.0002939356 0.2129173 -0.02854448 1

-0.09654828 -0.963238 -0.250702 0
0.1653813 -0.2639024 0.9502658 0
-0.9814925 0.05028502 0.1847807 0
0.0006745134 0.2588471 -0.03415092 1

0.01405002 0.9995235 -0.02749395 0
0.2798819 -0.03032892 -0.9595556 0
-0.9599317 0.005786787 -0.2801748 0
-0.06855745 -0.006100938 0.09810817 1

-0.07692739 0.9105866 0.4060971 0
-0.5650071 0.2957776 -0.7702489 0
-0.8214922 -0.2887008 0.4917342 0
0.1099348 -0.02274647 0.0200572 1

-0.1302407 0.6891515 -0.7128171 0
-0.08065057 -0.723922 -0.6851522 0
-0.9881968 -0.03174547 0.1498645 0
-0.07088453 -0.1716488 0.1026619 1

-0.3622821 0.6825871 -0.6346867 0
-0.3844756 -0.7297526 -0.5653676 0
-0.8490762 0.03919911 0.5268141 0
0.1226738 -0.1735367 -0.0471912 1

-0.1585295 -0.7546468 -0.6366926 0
0.1074295 -0.6542022 0.7486517 0
-0.9814925 0.05028368 0.1847816 0
0.00831593 0.3350836 -0.01430884 1

-0.03459045 0.01071019 -0.9993448 0
-0.07897819 -0.9968449 -0.007949912 0
-0.9962761 0.07865148 0.03532711 0
-0.06366184 -0.2098667 0.1421922 1

-0.5011587 0.007858384 -0.8653201 0
0.006379683 -0.9998984 -0.01277549 0
-0.8653321 -0.01192287 0.5010574 0
0.1430258 -0.2118827 -0.01153612 1

0.9665707 0.1519753 0.206507 0
-0.2430659 0.7994719 0.5493313 0
-0.08161156 -0.581162 0.8096856 0
-0.005405148 0.3460783 0.01468009 1

-0.7949185 0.3515573 0.4944823 0
0.5863661 0.654477 0.4773218 0
-0.1558212 0.6693791 -0.7263967 0
0.03263086 0.3441297 0.007519231 1

-0.2080013 -0.3565513 -0.9108279 0
0.2345967 0.8858293 -0.4003391 0
0.9495789 -0.2969482 -0.1006078 0
0.01567643 0.3701218 0.01525269 1

0.6055061 0.7822921 -0.1462259 0
-0.6345897 0.3637194 -0.6819128 0
-0.4802692 0.5056959 0.7166688 0
-0.05896291 0.3329491 0.0003531105 1

-0.2772596 0.9519717 -0.1299158 0
0.04960909 -0.1208523 -0.9914309 0
-0.9595137 -0.2813289 -0.0137192 0
0.07480885 0.3202894 -0.02244209 1

-0.09624939 -0.9192138 -0.3818154 0
0.0732447 0.3760154 -0.9237146 0
0.9926587 -0.1168728 0.03113641 0
0.02151415 0.3801286 0.04081573 1

0.02268515 0.8239573 -0.5661985 0
-0.8768281 -0.2556699 -0.4071934 0
-0.4802692 0.505696 0.7166688 0
-0.1235432 0.2538229 0.01824734 1

-0.2187935 0.7751322 -0.5927064 0
0.1773791 -0.565708 -0.805303 0
-0.9595139 -0.2813289 -0.01371928 0
0.1084668 0.223091 -0.008909758 1

0.08497299 0.8425093 -0.5319382 0
-0.4545215 0.5078622 0.7317699 0
0.8866736 0.1795967 0.4260935 0
-0.1317807 0.1727111 0.0878356 1

-0.01340993 0.4170802 -0.9087718 0
0.9996917 0.02460201 -0.003460392 0
0.02091405 -0.9085374 -0.4172817 0
0.144876 0.1446365 0.0545963 1

-0.5562367 0.6699915 -0.4916431 0
-0.7254097 -0.6800935 -0.1060877 0
-0.4054407 0.2976332 0.8643112 0
-0.1176294 0.157694 0.09519221 1

0.2614622 -0.1808349 -0.9481235 0
-0.05838631 -0.983458 0.1714729 0
-0.9634469 0.01052349 -0.2676953 0
0.1360434 0.1497522 0.07397938 1

-0.02136515 0.9455907 -0.3246573 0
-0.1402443 0.3186864 0.9374282 0
0.9898868 0.06555956 0.1258052 0
-0.1242287 0.1397072 0.11555 1

0.9958805 0.08031145 0.04210882 0
0.003562115 -0.4986477 0.8667986 0
0.09061097 -0.8630773 -0.4968798 0
0.1455727 0.1292063 0.09291402 1

0.1940714 0.9804945 -0.03111098 0
-0.7387923 0.1669485 0.6529276 0
0.6453853 -0.1037298 0.7567818 0
-0.1461984 0.1376308 0.09456509 1

0.9979177 -0.002274843 -0.06447149 0
0.05800372 -0.4057889 0.9121256 0
-0.02823705 -0.9139648 -0.4048122 0
0.1431177 0.1224522 0.08591102 1

0.1598544 0.9864067 -0.03806672 0
-0.5532055 0.1214561 0.8241435 0
0.8175637 -0.1106841 0.5651011 0
-0.1398734 0.1385651 0.1033243 1

0.0446557 0.9768117 -0.2093939 0
-0.3746532 0.2106803 0.9029118 0
0.9260892 0.03812996 0.3753738 0
-0.1336447 0.1383949 0.1107653 1

0.9988935 0.03072392 0.03561597 0
-0.0220136 -0.3637896 0.9312221 0
0.04156721 -0.9309753 -0.362711 0
0.1451688 0.1385855 0.0979282 1

0.9758116 0.07056937 -0.2069113 0
0.2062108 -0.6113945 0.7639865 0
-0.07259049 -0.788174 -0.6111584 0
0.1394605 0.115377 0.07905693 1

0.2524544 0.5244496 -0.8131551 0
0.1456498 -0.8513979 -0.5038958 0
-0.9565848 0.008774544 -0.291325 0
0.1317786 0.1527019 0.0894447 1

0.2192207 -0.2649874 0.9390028 0
-0.9629139 -0.2139109 0.1644374 0
0.1572884 -0.9402264 -0.3020541 0
0.1283071 0.1380669 0.09732699 1

-0.2412818 0.9697999 0.03566645 0
-0.1214516 -0.06663878 0.9903582 0
0.9628255 0.2346236 0.1338629 0
-0.1238682 0.1237452 0.1210304 1

0.3799487 -0.472662 0.79513 0
-0.9243727 -0.2258708 0.3074391 0
0.03428145 -0.8518071 -0.5227354 0
0.1270674 0.127714 0.09213156 1

0.0263228 0.9877971 0.15351 0
-0.7638298 -0.07918963 0.6405421 0
0.6448813 -0.134116 0.7524239 0
-0.1485561 0.125719 0.09494304 1

0.3792047 -0.426358 0.8212336 0
-0.9178349 -0.06070478 0.3922948 0
-0.1174054 -0.9025158 -0.4143457 0
0.1264202 0.1224902 0.0869898 1

-0.4585892 0.8074362 -0.3711388 0
-0.8128722 -0.5499055 -0.1919471 0
-0.3590758 0.2136639 0.908523 0
-0.1085563 0.1467654 0.1032116 1

0.07362574 0.9970353 0.02238878 0
-0.5663015 0.02331834 0.8238686 0
0.8209034 -0.07333653 0.5663394 0
-0.1425719 0.1219137 0.1039669 1

-0.2140901 0.9709963 0.106456 0
-0.3631075 -0.1802819 0.91414 0
0.9068179 0.1570534 0.3911729 0
-0.1344745 0.1202439 0.1146562 1

0.5127537 -0.6202069 0.5936568 0
-0.8209146 -0.151731 0.5505251 0
-0.2513632 -0.7696249 -0.5869377 0
0.1276056 0.1145197 0.08157066 1

-0.7159916 -0.3842866 0.5828222 0
-0.6971168 0.3490557 -0.626251 0
0.03722218 -0.8546849 -0.5178136 0
0.1223484 0.1335845 0.082256 1

-0.05493342 0.9647361 0.2574258 0
-0.7785459 -0.2028091 0.5939156 0
0.6251795 -0.1677916 0.7622318 0
-0.1487606 0.1180476 0.09375085 1

-0.6720548 -0.2556145 0.6949856 0
-0.7339037 0.3549308 -0.5791464 0
-0.09863379 -0.8992701 -0.4261297 0
0.1229891 0.126348 0.07955907 1

-0.05265344 0.9577582 0.2827153 0
-0.6159113 -0.2539934 0.7457484 0
0.7860541 -0.1348611 0.6032678 0
-0.1432382 0.1128905 0.1037643 1

-0.3398904 -0.4646457 0.8176677 0
-0.9135381 0.3696766 -0.169671 0
-0.2234357 -0.8046396 -0.5501214 0
0.1236235 0.1193363 0.07696024 1

-0.2470528 0.9599474 0.1321618 0
-0.1001046 -0.1609434 0.9818742 0
0.9638177 0.2293447 0.1358571 0
-0.1213551 0.1136445 0.1206589 1

-0.6918244 0.5406748 -0.4785922 0
-0.5994139 -0.7995918 -0.03683723 0
-0.4025948 0.2613904 0.8772652 0
-0.102227 0.1356213 0.1083341 1

-0.1924363 0.9784047 0.07545717 0
-0.3687535 -0.1433574 0.9184065 0
0.9093895 0.1489097 0.3883773 0
-0.1318068 0.1081449 0.1133298 1

-0.01989735 -0.9965039 -0.08114363 0
0.05245583 -0.08208837 0.9952439 0
-0.9984249 0.01554628 0.05390573 0
0.0003103537 0.1731982 -0.0324594 1

0.9997563 -1.863336E-08 -0.02207525 0
1.454889E-07 1 5.744898E-06 0
0.02207526 -5.74671E-06 0.9997566 0
0.0009686106 0.1397467 -0.002647871 1

0.1687743 0.8151928 -0.5540546 0
0.2165446 -0.5790517 -0.7860081 0
-0.9615737 0.01268061 -0.2742549 0
-0.03792638 0.1397467 -0.001789045 1

-0.4007239 0.9058229 -0.1374971 0
-0.4265099 -0.3172533 -0.8470185 0
-0.8108696 -0.2807766 0.5134734 0
0.0398636 0.1397467 -0.003506696 1

-0.008835806 -0.9924222 0.1225574 0
0.05540258 0.1218881 0.9909965 0
-0.9984249 0.01554628 0.05390573 0
0.001102722 0.2128817 -0.02922803 1

-0.100445 -0.9649492 -0.2424546 0
0.1700543 -0.2567514 0.9513994 0
-0.9803021 0.05433287 0.1898831 0
0.001511575 0.2588034 -0.03489904 1

0.02394631 0.9990001 -0.03776908 0
0.2735012 -0.04288552 -0.9609156 0
-0.9615737 0.01268062 -0.2742549 0
-0.0681312 -0.006144941 0.09736779 1

-0.05924997 0.9122708 0.4052798 0
-0.5822197 0.2982057 -0.7563691 0
-0.8108696 -0.2807766 0.5134733 0
0.1115053 -0.02219696 0.02107513 1

-0.1298344 0.6894573 -0.7125957 0
-0.08024727 -0.7236278 -0.6855104 0
-0.9882832 -0.03181871 0.1492786 0
-0.07209737 -0.1716061 0.1036234 1

-0.3622304 0.6825896 -0.6347133 0
-0.3847648 -0.7297346 -0.5651936 0
-0.848967 0.03948505 0.5269686 0
0.1213169 -0.1732661 -0.04603791 1

-0.1640628 -0.7592798 -0.6297445 0
0.1099602 -0.6484928 0.7532375 0
-0.9803021 0.05433144 0.1898839 0
0.0094614 0.3351753 -0.01570971 1

-0.03385419 0.01130759 -0.9993635 0
-0.0808654 -0.9966889 -0.008538284 0
-0.9961501 0.08052504 0.03465624 0
-0.06489722 -0.209841 0.1431414 1

-0.5013094 0.007980416 -0.8652316 0
0.006156542 -0.9998994 -0.01278945 0
-0.8652462 -0.01173831 0.5012099 0
0.1416661 -0.2116122 -0.01038135 1

0.9681083 0.1510789 0.1998542 0
-0.2379016 0.8044613 0.5442848 0
-0.07854475 -0.574472 0.8147475 0
-0.004067624 0.3464368 0.01326708 1

-0.7902472 0.3568648 0.4981543 0
0.5915024 0.6566252 0.4679417 0
-0.1601087 0.6644486 -0.7299823 0
0.03392225 0.3443313 0.005908487 1

-0.217706 -0.3629775 -0.9060091 0
0.2349254 0.8814946 -0.4096069 0
0.9473197 -0.3020184 -0.1066339 0
0.01707881 0.3704286 0.01352921 1

0.6017714 0.7853373 -0.145316 0
-0.6411544 0.3665347 -0.6742212 0
-0.4762272 0.4988973 0.7240925 0
-0.057739 0.3333344 -0.0006535212 1

-0.2792911 0.9523955 -0.122231 0
0.04360531 -0.1145853 -0.9924569 0
-0.9592161 -0.2825142 -0.009527041 0
0.07581198 0.3201826 -0.02420986 1

-0.1015447 -0.9213139 -0.3753268 0
0.07010406 0.3697121 -0.9264985 0
0.9923581 -0.120393 0.02704565 0
0.0231889 0.3806158 0.038957 1

0.01700949 0.8285392 -0.5596734 0
-0.879158 -0.2542151 -0.4030592 0
-0.4762272 0.4988974 0.7240925 0
-0.1219168 0.2538667 0.01717484 1

-0.221909 0.7734666 -0.5937229 0
0.1751036 -0.5673945 -0.8046145 0
-0.9592162 -0.2825142 -0.0095271 0
0.1096789 0.2229464 -0.01149534 1

0.07949977 0.8469447 -0.5257041 0
-0.4503776 0.500996 0.7390291 0
0.8892918 0.1780127 0.4212744 0
-0.1294976 0.1721796 0.08616226 1

-0.01725579 0.4149187 -0.9096959 0
0.9996417 0.02579704 -0.00719567 0
0.02048168 -0.9094934 -0.4152154 0
0.1464163 0.144686 0.05206111 1

-0.5610559 0.6727665 -0.4822885 0
-0.7247543 -0.6807326 -0.1064641 0
-0.3999345 0.2898089 0.8695196 0
-0.1152642 0.1571334 0.09329753 1

0.2582055 -0.1828072 -0.9486377 0
-0.05659284 -0.983111 0.1740464 0
-0.9644315 0.008746294 -0.2641902 0
0.1376488 0.1498367 0.07146443 1

-0.02558427 0.9481308 -0.3168497 0
-0.1342741 0.3108225 0.9409362 0
0.9906139 0.06661763 0.1193576 0
-0.1216831 0.1389693 0.1135554 1

0.995906 0.08251441 0.03692879 0
0.008961883 -0.4966025 0.8679331 0
0.08995558 -0.8640482 -0.4953092 0
0.1472725 0.129347 0.09041221 1

0.1918465 0.9811178 -0.02455944 0
-0.734503 0.1601316 0.6594418 0
0.6509227 -0.1084726 0.751355 0
-0.143796 0.1370161 0.09270966 1

0.9976215 -0.0002833118 -0.06893541 0
0.06295907 -0.4035465 0.9127916 0
-0.02807722 -0.9149598 -0.402569 0
0.1448 0.1225734 0.08343421 1

0.1575695 0.9870146 -0.03122424 0
-0.5476198 0.1136485 0.8289736 0
0.8217569 -0.1135218 0.5584163 0
-0.1374113 0.1378931 0.1014314 1

0.04118438 0.9785593 -0.2018063 0
-0.3686991 0.2026079 0.9072003 0
0.9286361 0.03704332 0.3691384 0
-0.1311298 0.137676 0.1088267 1

0.9990299 0.03235764 0.02988167 0
-0.01615413 -0.3619725 0.9320502 0
0.04097517 -0.931628 -0.3610989 0
0.1468756 0.1387375 0.09540582 1

0.9749523 0.07133574 -0.2106651 0
0.209809 -0.6093232 0.7646616 0
-0.07381541 -0.7897075 -0.6090285 0
0.1411262 0.1154777 0.0766103 1

0.2488731 0.5227703 -0.8153375 0
0.1447985 -0.8524466 -0.5023654 0
-0.9576519 0.006965413 -0.2878473 0
0.133437 0.1528185 0.0869382 1

0.2262431 -0.2624775 0.9380417 0
-0.9613164 -0.2154994 0.1715571 0
0.1571171 -0.9405675 -0.3010793 0
0.1300116 0.1381913 0.09490134 1

-0.2430011 0.9689724 0.04520328 0
-0.1143222 -0.07488259 0.9906178 0
0.9632659 0.2355534 0.1289721 0
-0.1212512 0.1229645 0.118904 1

0.3849288 -0.4699897 0.7943183 0
-0.9223397 -0.227101 0.3125957 0
0.03347356 -0.8529577 -0.5209081 0
0.1287667 0.1278137 0.08972604 1

0.02538712 0.9865804 0.1612949 0
-0.7591249 -0.08595581 0.6452456 0
0.6504503 -0.1388235 0.7467553 0
-0.1461267 0.1250968 0.09300803 1

0.3849203 -0.4235601 0.8200213 0
-0.9154615 -0.06226309 0.3975604 0
-0.1173336 -0.9037264 -0.4117197 0
0.1281075 0.1225782 0.08458766 1

-0.4628386 0.80944 -0.361369 0
-0.8130863 -0.550039 -0.190652 0
-0.3530879 0.2055836 0.9127243 0
-0.1061125 0.1461595 0.1011644 1

0.07174462 0.9969745 0.02992654 0
-0.5605175 0.01548241 0.8279982 0
0.825029 -0.07617867 0.5599326 0
-0.1400712 0.1212314 0.1019585 1

-0.2153146 0.9696544 0.1158057 0
-0.3562766 -0.1884126 0.9151875 0
0.9092341 0.1557943 0.3860335 0
-0.1318951 0.1194924 0.1125766 1

0.5168256 -0.6179661 0.5924613 0
-0.8179596 -0.1522092 0.5547751 0
-0.2526537 -0.771331 -0.5841373 0
0.1292818 0.1146111 0.07916964 1

-0.7112926 -0.3848912 0.5881528 0
-0.7019508 0.3455599 -0.6227804 0
0.03646056 -0.8558326 -0.515969 0
0.1239859 0.133651 0.07986055 1

-0.05509083 0.9625105 0.2655944 0
-0.7739165 -0.2092317 0.5977256 0
0.630887 -0.1726182 0.7564291 0
-0.1463239 0.1174348 0.0917554 1

-0.667477 -0.2558622 0.6992928 0
-0.738069 0.3517292 -0.5757967 0
-0.09863707 -0.9004569 -0.4236156 0
0.1246246 0.1264106 0.07716792 1

-0.05261627 0.9553323 0.2908141 0
-0.6101101 -0.261299 0.7479898 0
0.7905675 -0.138072 0.5966067 0
-0.1407205 0.1122088 0.1016876 1

-0.3350395 -0.4636222 0.8202468 0
-0.9150726 0.3675243 -0.1660395 0
-0.2244807 -0.8062143 -0.5473833 0
0.125268 0.1194103 0.07456852 1

-0.2480713 0.9583288 0.1416594 0
-0.0928423 -0.1690758 0.9812208 0
0.9642828 0.2302605 0.1309167 0
-0.1187203 0.1128724 0.1184332 1

-0.696281 0.5430697 -0.4693279 0
-0.5980337 -0.8005184 -0.03907226 0
-0.3969241 0.2534691 0.8821599 0
-0.09972455 0.1349878 0.106152 1

-0.1938973 0.9773572 0.08472043 0
-0.3619665 -0.1515402 0.9197916 0
0.9118027 0.147679 0.3831541 0
-0.1292122 0.1074102 0.1111337 1

-0.02067865 -0.9966099 -0.07963374 0
0.05330935 -0.08063656 0.9953173 0
-0.998364 0.01633647 0.05479605 0
0.001109649 0.1731915 -0.03306115 1

0.9997563 -2.333882E-08 -0.02207526 0
1.456705E-07 1 5.539966E-06 0
0.02207526 -5.541831E-06 0.9997566 0
0.001767906 0.13974 -0.003249609 1

0.1703285 0.8161182 -0.5522135 0
0.2074209 -0.5775412 -0.7895718 0
-0.9633093 0.01994597 -0.2676517 0
-0.03712708 0.13974 -0.002390783 1

-0.4044057 0.9030583 -0.1447137 0
-0.4425666 -0.3316977 -0.8331339 0
-0.8003691 -0.2728786 0.5338039 0
0.0406629 0.13974 -0.004108434 1

-0.0094276 -0.9922311 0.1240508 0
0.05639692 0.1233312 0.9907619 0
-0.998364 0.01633647 0.05479605 0
0.00193313 0.2128793 -0.0298899 1

-0.104489 -0.966818 -0.2331212 0
0.1758209 -0.24867 0.9524971 0
-0.9788612 0.05853774 0.1959701 0
0.002369367 0.2587921 -0.03563001 1

0.03419863 0.9982283 -0.04869484 0
0.2662061 -0.05606177 -0.9622848 0
-0.9633093 0.01994598 -0.2676517 0
-0.06761005 -0.006317183 0.09643653 1

-0.04259235 0.9140363 0.4033904 0
-0.5979924 0.3001252 -0.7431893 0
-0.8003691 -0.2728786 0.5338039 0
0.1129628 -0.02170932 0.02176358 1

-0.1292981 0.6895175 -0.7126347 0
-0.07987696 -0.7235745 -0.6856096 0
-0.9883833 -0.03172487 0.1486333 0
-0.07327427 -0.1716506 0.1045017 1

-0.362147 0.6826185 -0.6347298 0
-0.3850103 -0.7296939 -0.5650789 0
-0.8488912 0.03973584 0.5270717 0
0.1200159 -0.1730708 -0.0450366 1

-0.1702014 -0.7644572 -0.6218018 0
0.1134133 -0.6420121 0.7582604 0
-0.9788613 0.05853622 0.1959709 0
0.01063926 0.3353119 -0.01717939 1

-0.03306732 0.01151198 -0.9993873 0
-0.0826318 -0.9965423 -0.008745481 0
-0.9960314 0.08229208 0.03390426 0
-0.06610386 -0.2098888 0.1440219 1

-0.5014066 0.008133302 -0.8651738 0
0.005944618 -0.9999002 -0.01284495 0
-0.8651913 -0.01158366 0.501308 0
0.1403605 -0.2114186 -0.009379121 1

0.9698084 0.1503807 0.1919845 0
-0.2322154 0.8099018 0.5386428 0
-0.07448708 -0.5669616 0.8203701 0
-0.002665951 0.3468667 0.01178561 1

-0.7847983 0.3624717 0.5026993 0
0.5971859 0.6591766 0.4570082 0
-0.1657149 0.6588638 -0.7337835 0
0.03526809 0.3445982 0.004191124 1

-0.2292167 -0.3702169 -0.9002224 0
0.2346217 0.8765631 -0.4202271 0
0.9446763 -0.3075345 -0.1140619 0
0.01854168 0.3708056 0.01169074 1

0.5972625 0.7894033 -0.1418472 0
-0.6490025 0.3717631 -0.6637686 0
-0.4712471 0.4885035 0.7343647 0
-0.05646254 0.3337777 -0.001656187 1

-0.2821305 0.952987 -0.1105415 0
0.03646608 -0.1044866 -0.9938583 0
-0.958683 -0.2844287 -0.005272921 0
0.07682364 0.3201225 -0.02612557 1

-0.1070461 -0.9236013 -0.3681071 0
0.06619594 0.3627924 -0.9295167 0
0.9920486 -0.1238682 0.02230319 0
0.02497482 0.381196 0.03695614 1

0.009223903 0.8352958 -0.5497241 0
-0.8819535 -0.2522822 -0.3981368 0
-0.471247 0.4885035 0.7343649 0
-0.1201541 0.253849 0.01585204 1

-0.2258751 0.7723321 -0.5937045 0
0.1729388 -0.5679833 -0.8046671 0
-0.9586831 -0.2844287 -0.005272973 0
0.1109821 0.2228349 -0.01464417 1

0.07196015 0.8534997 -0.5161011 0
-0.4452695 0.4905083 0.7490913 0
0.8925007 0.1758994 0.4153347 0
-0.1268415 0.171309 0.08391039 1

-0.02180418 0.4138248 -0.9100963 0
0.9995506 0.02777395 -0.01131841 0
0.0205931 -0.9099336 -0.4142445 0
0.1481348 0.1447217 0.04885191 1

-0.5676036 0.6766553 -0.4690038 0
-0.7234733 -0.6818307 -0.1081413 0
-0.3929551 0.2779307 0.8765514 0
-0.1124949 0.1562255 0.09073373 1

0.2546961 -0.1834497 -0.9494619 0
-0.05395281 -0.9830082 0.1754581 0
-0.9655154 0.006537524 -0.2602659 0
0.1394365 0.1498775 0.06828498 1

-0.03155163 0.9518011 -0.3050895 0
-0.126728 0.2989689 0.9458112 0
0.9914359 0.06850533 0.1111871 0
-0.1186702 0.1377965 0.1108273 1

0.99585 0.08539367 0.0314934 0
0.01503121 -0.4955746 0.8684367 0
0.08976603 -0.8643585 -0.4948017 0
0.1491785 0.1294291 0.08721686 1

0.1884177 0.9819838 -0.01440424 0
-0.7289954 0.149674 0.6679551 0
0.6580768 -0.1153535 0.744063 0
-0.1409653 0.1360209 0.09016037 1

0.9972669 0.002591683 -0.07384618 0
0.06864567 -0.4023351 0.9129164 0
-0.0273449 -0.9154896 -0.4014133 0
0.1466909 0.1226425 0.08025692 1

0.1540625 0.987845 -0.02068501 0
-0.5404283 0.1017737 0.8352128 0
0.8271655 -0.1174959 0.549539 0
-0.1345044 0.1368139 0.098834 1

0.0361601 0.9810609 -0.1902958 0
-0.3610954 0.1903823 0.9128889 0
0.9318278 0.03570484 0.3611409 0
-0.1281553 0.1365286 0.106169 1

0.9991054 0.03462998 0.02429977 0
-0.01015986 -0.3611749 0.9324438 0
0.04106692 -0.9318557 -0.3605001 0
0.1487834 0.1388246 0.09220119 1

0.9739311 0.07312264 -0.2147376 0
0.214209 -0.6079928 0.7645005 0
-0.07465663 -0.7905691 -0.6078067 0
0.1430034 0.1155316 0.0734563 1

0.2445396 0.5222503 -0.8169802 0
0.1444079 -0.8527804 -0.5019109 0
-0.9588265 0.00475857 -0.2839555 0
0.135282 0.1528699 0.0837722 1

0.2320422 -0.261129 0.9370007 0
-0.9598607 -0.2175062 0.1770877 0
0.1575604 -0.9404808 -0.3011182 0
0.1319181 0.13824 0.09179095 1

-0.2457355 0.967531 0.05914721 0
-0.1050687 -0.08724452 0.990631 0
0.9636261 0.2372186 0.1230967 0
-0.1181376 0.1217297 0.1159773 1

0.3905208 -0.4679755 0.7927765 0
-0.9199989 -0.2293673 0.3177957 0
0.03311621 -0.8534585 -0.5201095 0
0.1306737 0.1278423 0.08663168 1

0.02363436 0.9846382 0.1730045 0
-0.7529433 -0.09630992 0.6510009 0
0.6576616 -0.145648 0.7390999 0
-0.1432543 0.1240911 0.09033537 1

0.3902045 -0.4214995 0.8185844 0
-0.9133059 -0.06452616 0.4021317 0
-0.1166781 -0.9045308 -0.4101365 0
0.1300044 0.1225991 0.08149251 1

-0.4687354 0.8121879 -0.3473314 0
-0.8129922 -0.5504261 -0.189937 0
-0.3454444 0.1933479 0.9183064 0
-0.1032365 0.1451883 0.09838387 1

0.06876172 0.996776 0.04136125 0
-0.5530149 0.003577608 0.8331642 0
0.8303292 -0.08016287 0.551478 0
-0.1371051 0.1201382 0.09918318 1

-0.2174124 0.967452 0.1294983 0
-0.3473267 -0.2006673 0.9160228 0
0.9121932 0.1541765 0.3796495 0
-0.1288272 0.1182986 0.109705 1

0.5205358 -0.616196 0.5910553 0
-0.8153631 -0.1532673 0.5582954 0
-0.2534296 -0.7725368 -0.5822046 0
0.1311714 0.1146432 0.07606511 1

-0.7070287 -0.3862372 0.5923965 0
-0.7062624 0.3428411 -0.6193994 0
0.0361371 -0.8563194 -0.5151832 0
0.1258235 0.1336546 0.07678539 1

-0.05581741 0.9590365 0.2777318 0
-0.7677639 -0.2190569 0.6021248 0
0.6382977 -0.1796229 0.7485401 0
-0.1434379 0.1164442 0.08899184 1

-0.6632667 -0.257052 0.7028536 0
-0.7419329 0.3488978 -0.5725446 0
-0.09805018 -0.9012192 -0.4221276 0
0.1264737 0.1264129 0.07408577 1

-0.05308877 0.9515613 0.3028432 0
-0.6024293 -0.2723862 0.7502568 0
0.7964052 -0.142611 0.5877091 0
-0.1377274 0.1111174 0.09880882 1

-0.3307107 -0.4633629 0.8221478 0
-0.9165103 0.3654219 -0.1627166 0
-0.2250336 -0.8073184 -0.5455256 0
0.1271288 0.1194287 0.07147489 1

-0.2498944 0.9557035 0.1555139 0
-0.08336731 -0.1812489 0.9798977 0
0.9646781 0.2319061 0.1249679 0
-0.1155782 0.1116526 0.1153613 1

-0.7022793 0.5463609 -0.4563926 0
-0.5957592 -0.8019926 -0.04335783 0
-0.3897122 0.2414514 0.8887224 0
-0.09676708 0.1339786 0.1031777 1

-0.1963054 0.9756014 0.09832038 0
-0.3530936 -0.1638773 0.9211243 0
0.9147621 0.1461055 0.3766488 0
-0.1261182 0.1062437 0.1080914 1

-0.02145671 -0.9967198 -0.07803643 0
0.0542688 -0.0791005 0.9953887 0
-0.9982958 0.01712272 0.05578792 0
0.001892059 0.1732392 -0.0336224 1

0.9997563 -2.719715E-08 -0.02207526 0
1.458566E-07 1 5.373613E-06 0
0.02207526 -5.375523E-06 0.9997566 0
0.002550316 0.1397877 -0.00381086 1

0.1715472 0.8178563 -0.5492567 0
0.1981675 -0.5747724 -0.7939567 0
-0.9650394 0.02735627 -0.2606731 0
-0.03634467 0.1397877 -0.002952034 1

-0.4071672 0.9009408 -0.1500701 0
-0.4576622 -0.3434414 -0.8201184 0
-0.7904179 -0.2652437 0.5521644 0
0.0414453 0.1397877 -0.004669685 1

-0.009994714 -0.992027 0.1256294 0
0.05749433 0.1248576 0.9905077 0
-0.9982958 0.01712272 0.05578793 0
0.002746525 0.2129313 -0.03051477 1

-0.1085883 -0.9687808 -0.2228741 0
0.1825371 -0.2398195 0.9535027 0
-0.9771842 0.06285632 0.2028799 0
0.003209004 0.2588347 -0.03632792 1

0.04448148 0.9972056 -0.06002405 0
0.2583025 -0.06952101 -0.9635597 0
-0.9650394 0.02735628 -0.2606731 0
-0.06704573 -0.006580591 0.09534612 1

-0.02737962 0.9157895 0.4007251 0
-0.6119561 0.301622 -0.7311188 0
-0.7904179 -0.2652437 0.5521644 0
0.1142389 -0.02128311 0.02215994 1

-0.1287476 0.6893765 -0.7128705 0
-0.07955679 -0.7237166 -0.6854968 0
-0.988481 -0.03154216 0.1480213 0
-0.07441308 -0.1717446 0.1052877 1

-0.3620675 0.6826828 -0.6347063 0
-0.3852009 -0.7296247 -0.5650388 0
-0.8488389 0.0399074 0.5271431 0
0.1187729 -0.1729349 -0.04419887 1

-0.1768002 -0.7700515 -0.6129953 0
0.1176989 -0.6348785 0.763595 0
-0.9771842 0.06285471 0.2028807 0
0.01180334 0.3355099 -0.01868831 1

-0.03234528 0.01138322 -0.9994122 0
-0.0839607 -0.9964321 -0.008632206 0
-0.995944 0.08363233 0.03318565 0
-0.06727321 -0.209975 0.144821 1

-0.501469 0.008328989 -0.8651358 0
0.005775542 -0.9998996 -0.01297416 0
-0.8651565 -0.01150263 0.5013703 0
0.1391129 -0.2112864 -0.008542695 1

0.9716114 0.1498503 0.1830765 0
-0.2261336 0.815677 0.5324808 0
-0.06953858 -0.5587638 0.8264069 0
-0.001251319 0.3473788 0.01026365 1

-0.7786514 0.3683152 0.507983 0
0.6032804 0.6620239 0.4447233 0
-0.1724981 0.6527401 -0.7376828 0
0.03661773 0.344943 0.002401393 1

-0.2422914 -0.3781157 -0.8934903 0
0.2336854 0.8710735 -0.4319987 0
0.9416404 -0.3134649 -0.1226933 0
0.02001214 0.3712633 0.009772922 1

0.5925433 0.7940109 -0.1357926 0
-0.6575418 0.3793782 -0.6509318 0
-0.4653296 0.4749944 0.7468932 0
-0.05518073 0.3342923 -0.002637479 1

-0.2854594 0.9536486 -0.09522897 0
0.02834655 -0.09091891 -0.9954559 0
-0.9579717 -0.2868617 -0.001079073 0
0.07779828 0.3201258 -0.02814849 1

-0.1127159 -0.9260072 -0.360287 0
0.06158488 0.3553898 -0.9326878 0
0.9917172 -0.1273168 0.01697013 0
0.02681223 0.3818754 0.03484938 1

-0.0003646361 0.843713 -0.5367951 0
-0.8851379 -0.250059 -0.3924317 0
-0.4653296 0.4749945 0.7468933 0
-0.1183607 0.2538344 0.01429129 1

-0.2304251 0.7717332 -0.5927337 0
0.1708651 -0.5675737 -0.8053989 0
-0.9579718 -0.2868618 -0.001079137 0
0.112298 0.222782 -0.01827532 1

0.06265467 0.8616769 -0.5035749 0
-0.4392021 0.4768883 0.7613673 0
0.896201 0.1734679 0.4083299 0
-0.1239506 0.1702248 0.08113212 1

-0.02682911 0.4137349 -0.9100031 0
0.9994178 0.03031203 -0.01568399 0
0.02109471 -0.9098937 -0.4143074 0
0.1499258 0.1447658 0.04506008 1

-0.5755886 0.681262 -0.4523059 0
-0.7216591 -0.6833165 -0.1108517 0
-0.3845867 0.2626057 0.884948 0
-0.1094657 0.1551023 0.08756553 1

0.251024 -0.1828898 -0.9505475 0
-0.05071997 -0.9831259 0.1757635 0
-0.9666516 0.004090441 -0.2560643 0
0.1412994 0.1499003 0.06453086 1

-0.03897899 0.9562463 -0.2899561 0
-0.1177165 0.2837618 0.9516424 0
0.9922822 0.07122669 0.1015055 0
-0.1153423 0.1363378 0.107437 1

0.9957224 0.08864736 0.02607767 0
0.02137156 -0.4954998 0.8683465 0
0.08989774 -0.8640741 -0.4952749 0
0.1511759 0.1294774 0.08342053 1

0.1840079 0.9829245 -0.001237799 0
-0.7223209 0.1360758 0.6780388 0
0.6666288 -0.1238703 0.7350259 0
-0.1378531 0.1347815 0.08698744 1

0.9968567 0.006062824 -0.07899991 0
0.07476319 -0.4020996 0.9125395 0
-0.0262334 -0.9155768 -0.4012891 0
0.1486752 0.1226842 0.07647166 1

0.1495614 0.9887278 -0.007053634 0
-0.5317391 0.08644501 0.8424851 0
0.8335977 -0.1222525 0.5386743 0
-0.1313017 0.1354695 0.09560189 1

0.02985085 0.9840338 -0.1754629 0
-0.3519564 0.1746469 0.9195794 0
0.9355406 0.0343051 0.3515506 0
-0.124872 0.1350995 0.1028625 1

0.999118 0.03726724 0.01937211 0
-0.004604381 -0.3612631 0.9324536 0
0.04174815 -0.9317201 -0.3607733 0
0.1507787 0.138872 0.08840629 1

0.9727865 0.07569845 -0.2189908 0
0.2191581 -0.6073929 0.763574 0
-0.07521219 -0.790788 -0.6074539 0
0.1449761 0.1155637 0.0696874 1

0.2396892 0.5227751 -0.8180817 0
0.1443493 -0.8524691 -0.5024567 0
-0.9600592 0.002343618 -0.2797897 0
0.1372048 0.1528835 0.08003574 1

0.237352 -0.2605773 0.9358236 0
-0.958397 -0.2200525 0.1818046 0
0.1585556 -0.9400418 -0.3019668 0
0.1339131 0.1382429 0.08807922 1

-0.2492519 0.9653904 0.07678034 0
-0.09390321 -0.1030013 0.9902392 0
0.9638757 0.2396089 0.1163268 0
-0.1146843 0.120196 0.1123316 1

0.3963521 -0.4666758 0.7906459 0
-0.9175034 -0.2323629 0.3227952 0
0.0330758 -0.8533601 -0.5202744 0
0.1326735 0.1278301 0.08293594 1

